1 0.4947 0.543047 0.02595 0.12963
1 0.713907 0.691358 0.061586 0.1423
1 0.818622 0.751624 0.107639 0.064652
4 0.804002 0.581871 0.029788 0.031839
3 0.455044 0.62232 0.010965 0.018519
3 0.456506 0.659519 0.012061 0.018194
3 0.480903 0.672677 0.010051 0.01527
3 0.483735 0.645712 0.009868 0.017869
3 0.508498 0.597303 0.011513 0.017219
3 0.48008 0.573912 0.010599 0.012671
3 0.725329 0.839506 0.010599 0.023392
3 0.748264 0.854288 0.008955 0.025666
2 0.482822 0.61371 0.038743 0.068226
2 0.750822 0.781352 0.03125 0.065627
