0 0.530336 0.562541 0.096491 0.874919
1 0.491045 0.702404 0.016813 0.196231
3 0.465004 0.789961 0.018092 0.008772
3 0.463359 0.826998 0.017361 0.008772
3 0.456323 0.842755 0.01864 0.009747
3 0.455775 0.885802 0.016813 0.008772
3 0.531798 0.802794 0.017178 0.012995
3 0.551444 0.811404 0.018458 0.012021
3 0.52924 0.840806 0.017544 0.012346
3 0.547971 0.847303 0.01663 0.012995
3 0.526864 0.858187 0.01864 0.01332
3 0.546053 0.866472 0.019371 0.012995
3 0.524671 0.899285 0.016813 0.012346
3 0.544317 0.907245 0.018092 0.01527
3 0.58644 0.40091 0.010234 0.005198
3 0.596308 0.403671 0.009503 0.005523
3 0.583151 0.41488 0.010234 0.005848
3 0.593293 0.418291 0.011148 0.006173
3 0.586257 0.437947 0.009868 0.005848
3 0.595852 0.441358 0.008955 0.006823
3 0.584156 0.443795 0.008224 0.005198
3 0.594298 0.447531 0.010599 0.006823
2 0.493878 0.820825 0.013706 0.085445
