0 0.224689 0.539062 0.449013 0.919134
1 0.445541 0.466009 0.016082 0.178728
1 0.109284 0.63432 0.121345 0.230263
3 0.45349 0.653783 0.012244 0.016447
3 0.484101 0.646656 0.012427 0.015351
3 0.489126 0.586075 0.012244 0.015899
3 0.411732 0.607593 0.010965 0.010143
3 0.410727 0.566749 0.012244 0.009046
3 0.44152 0.603344 0.010965 0.00932
3 0.452029 0.609101 0.01261 0.014803
3 0.081232 0.871162 0.011148 0.026864
3 0.074105 0.829907 0.010417 0.028783
3 0.035636 0.901453 0.010599 0.030428
3 0.023209 0.856497 0.010234 0.029331
3 0.014254 0.808114 0.008406 0.021382
3 0.056287 0.786595 0.006579 0.01398
3 0.049799 0.747122 0.008955 0.01398
2 0.449196 0.580592 0.040936 0.070175
2 0.037281 0.797149 0.059211 0.082237
