0 0.516539 0.55455 0.729715 0.890899
0 0.527778 0.168311 0.041667 0.094298
0 0.98538 0.177083 0.025585 0.065789
1 0.507858 0.473684 0.013158 0.163925
1 0.860289 0.481497 0.036367 0.166941
1 0.170048 0.465735 0.032712 0.162281
4 0.529605 0.298383 0.028509 0.01727
3 0.159357 0.633498 0.008772 0.014254
3 0.193713 0.622807 0.008406 0.013706
3 0.221308 0.58114 0.008041 0.008772
3 0.214455 0.547423 0.008224 0.009868
3 0.142361 0.584704 0.010234 0.015351
3 0.185581 0.586486 0.008589 0.015625
3 0.191338 0.590461 0.008772 0.008224
3 0.494152 0.630345 0.004386 0.01727
3 0.519645 0.626096 0.004203 0.015351
3 0.493238 0.59608 0.003655 0.014529
3 0.520651 0.597314 0.004751 0.015899
3 0.805281 0.595943 0.007493 0.010417
3 0.812043 0.560718 0.008224 0.008498
3 0.832694 0.644189 0.008589 0.018092
3 0.888249 0.607045 0.010051 0.016173
3 0.871254 0.660636 0.009686 0.018092
3 0.83973 0.610883 0.008772 0.012336
3 0.840004 0.60403 0.008955 0.014529
2 0.180738 0.56716 0.052997 0.04989
2 0.507767 0.574973 0.027595 0.042489
2 0.848136 0.584156 0.059211 0.04989
