0 0.875457 0.500162 0.249086 0.999675
0 0.287281 0.75731 0.574196 0.48538
1 0.555647 0.79321 0.030885 0.155621
1 0.353527 0.943145 0.050987 0.11371
4 0.290022 0.840806 0.031433 0.037037
3 0.508041 0.895549 0.009503 0.018519
3 0.54121 0.964587 0.00932 0.023392
3 0.514437 0.858512 0.010234 0.015919
3 0.529423 0.89295 0.008772 0.01332
3 0.56314 0.962151 0.00932 0.021118
3 0.575475 0.909194 0.009868 0.019818
3 0.542032 0.844867 0.008772 0.01527
3 0.546053 0.924301 0.010234 0.020143
2 0.543494 0.888077 0.038377 0.062703
