0 0.502558 0.680799 0.542398 0.638402
1 0.259777 0.62167 0.046235 0.119883
1 0.460435 0.62768 0.068531 0.08707
1 0.545779 0.624431 0.070358 0.090968
1 0.768549 0.610461 0.01261 0.121507
4 0.489401 0.469623 0.020833 0.008772
3 0.260325 0.729207 0.006031 0.023067
3 0.281159 0.756173 0.004934 0.020468
3 0.291484 0.717024 0.004751 0.020143
3 0.303545 0.738304 0.004751 0.020468
3 0.313596 0.677063 0.006213 0.014945
3 0.303363 0.65692 0.005482 0.017544
3 0.273392 0.668129 0.004386 0.01527
3 0.29258 0.694282 0.004386 0.014945
3 0.497442 0.735218 0.002558 0.018843
3 0.515442 0.731157 0.004569 0.023717
3 0.495249 0.654159 0.003655 0.01397
3 0.513615 0.654159 0.003838 0.01332
3 0.763798 0.740741 0.006762 0.021442
3 0.79057 0.736517 0.008041 0.022092
3 0.764072 0.715237 0.006579 0.020468
3 0.797423 0.69883 0.007858 0.019493
3 0.777686 0.640351 0.006396 0.015595
3 0.747167 0.681287 0.006396 0.018194
3 0.747442 0.654971 0.005848 0.012995
2 0.284996 0.690708 0.046601 0.042885
2 0.503289 0.683073 0.022295 0.032814
2 0.504203 0.682099 0.019737 0.034113
2 0.772204 0.680962 0.03856 0.048733
