0 0.340643 0.500162 0.36038 0.999675
0 0.973867 0.540448 0.052266 0.164717
1 0.493787 0.469461 0.042398 0.275504
1 0.256853 0.265757 0.046966 0.1423
1 0.299708 0.308642 0.040936 0.08512
1 0.17553 0.159032 0.023575 0.137427
4 0.224141 0.029077 0.00932 0.023067
3 0.425164 0.635478 0.022478 0.025991
3 0.417398 0.685673 0.020833 0.028265
3 0.461897 0.707765 0.022844 0.029565
3 0.440789 0.76397 0.022661 0.030864
3 0.250274 0.376706 0.016265 0.015919
3 0.252376 0.411631 0.014985 0.016244
3 0.258498 0.427225 0.015899 0.015595
3 0.256396 0.393762 0.015351 0.017544
3 0.157438 0.244964 0.011513 0.012346
3 0.166849 0.26397 0.011696 0.012021
3 0.163743 0.289636 0.012061 0.010721
3 0.170048 0.295484 0.011513 0.012671
2 0.481268 0.62768 0.048063 0.118259
2 0.281433 0.362573 0.017178 0.067576
2 0.184942 0.246264 0.017544 0.063028
2 0.91292 0.317739 0.011513 0.020793
