0 0.466192 0.559292 0.12098 0.881417
0 0.340278 0.411631 0.099415 0.822612
1 0.519554 0.591618 0.021564 0.253411
1 0.440881 0.482943 0.014803 0.122482
3 0.552906 0.806855 0.020651 0.017869
3 0.572825 0.840806 0.023209 0.013645
3 0.576754 0.75666 0.02193 0.017544
3 0.489401 0.848278 0.025219 0.020143
3 0.473867 0.811566 0.02193 0.020143
3 0.492599 0.759909 0.023575 0.020793
3 0.473319 0.746101 0.019737 0.01527
3 0.399397 0.505198 0.012975 0.010396
3 0.402961 0.533301 0.010599 0.004873
3 0.400037 0.54386 0.010234 0.007147
3 0.422697 0.568551 0.013523 0.007147
3 0.423702 0.574399 0.014072 0.009097
3 0.421784 0.598116 0.013158 0.008447
3 0.425439 0.604126 0.013889 0.007472
3 0.474598 0.575699 0.012792 0.005848
2 0.523666 0.754061 0.028692 0.08447
