0 0.577211 0.494314 0.392361 0.978882
1 0.739035 0.482131 0.046418 0.161144
1 0.492325 0.32976 0.040936 0.100065
1 0.545961 0.368583 0.050256 0.049058
1 0.386056 0.237654 0.008589 0.102989
4 0.496436 0.177875 0.011879 0.017869
3 0.674159 0.613385 0.010234 0.015595
3 0.685124 0.580897 0.01133 0.016244
3 0.695541 0.658707 0.011696 0.017869
3 0.717562 0.621183 0.010051 0.013645
3 0.495157 0.411631 0.009686 0.011696
3 0.494426 0.435348 0.008589 0.012346
3 0.503746 0.423652 0.00932 0.012346
3 0.503381 0.447531 0.010417 0.012671
3 0.366685 0.301819 0.007858 0.009747
3 0.368878 0.335608 0.008224 0.008447
3 0.378564 0.340806 0.008224 0.008447
3 0.378564 0.317251 0.008589 0.009422
2 0.718019 0.578622 0.042763 0.079922
2 0.518366 0.400422 0.016265 0.046459
2 0.38633 0.309129 0.015351 0.032164
2 0.938322 0.32976 0.010782 0.016894
