0 0.473045 0.44282 0.353984 0.840806
1 0.447003 0.218648 0.045322 0.067576
1 0.502467 0.219136 0.044042 0.066602
1 0.3072 0.210851 0.017909 0.092917
1 0.640899 0.214912 0.015351 0.089344
4 0.483187 0.128493 0.013889 0.010071
3 0.469115 0.307992 0.002924 0.012346
3 0.468476 0.289799 0.002741 0.017544
3 0.480994 0.30653 0.002558 0.012671
3 0.481086 0.293535 0.003472 0.012021
3 0.306287 0.320175 0.003289 0.01332
3 0.307383 0.30783 0.003655 0.012671
3 0.31917 0.294672 0.003838 0.015595
3 0.324561 0.301007 0.003655 0.012671
3 0.323648 0.314003 0.003655 0.01397
3 0.330044 0.266894 0.003655 0.008772
3 0.304733 0.249188 0.003472 0.009747
3 0.29724 0.297271 0.003838 0.012346
3 0.298428 0.284438 0.003655 0.011371
3 0.325932 0.2487 0.003838 0.009422
3 0.6197 0.27063 0.003655 0.009747
3 0.644645 0.253249 0.003838 0.009422
3 0.628838 0.296459 0.00402 0.010071
3 0.627924 0.285088 0.003655 0.010721
3 0.624726 0.305231 0.003838 0.012671
3 0.625365 0.316439 0.00402 0.011696
3 0.641539 0.312378 0.003838 0.012021
3 0.642635 0.324237 0.003107 0.012346
3 0.650585 0.298408 0.003655 0.011371
3 0.649214 0.285737 0.003107 0.012021
2 0.475055 0.263158 0.014803 0.024042
2 0.313505 0.266894 0.029788 0.028915
2 0.635325 0.269493 0.028692 0.028265
