0 0.501553 0.651559 0.635417 0.696881
1 0.50402 0.652859 0.010965 0.165367
1 0.80318 0.650422 0.02924 0.168941
1 0.199653 0.662118 0.027595 0.166342
4 0.523757 0.48668 0.024123 0.016894
3 0.515716 0.816439 0.004386 0.022742
3 0.493878 0.814815 0.004203 0.024042
3 0.492599 0.782001 0.004934 0.022742
3 0.51526 0.782489 0.004934 0.017219
3 0.760508 0.758934 0.007858 0.015595
3 0.765899 0.723359 0.008772 0.01527
3 0.782895 0.82115 0.008772 0.023717
3 0.812591 0.831059 0.00932 0.024691
3 0.826389 0.779077 0.009137 0.023392
3 0.801078 0.72141 0.008589 0.01397
3 0.787738 0.781352 0.007858 0.022092
3 0.189876 0.843892 0.008406 0.021767
3 0.174342 0.79386 0.008406 0.023067
3 0.197277 0.737005 0.00932 0.01397
3 0.241319 0.769981 0.006762 0.012995
3 0.212537 0.783138 0.007675 0.01527
3 0.221765 0.830409 0.007493 0.022742
3 0.235015 0.735705 0.007675 0.01527
3 0.215643 0.794672 0.006944 0.021442
2 0.503381 0.749513 0.028326 0.040936
2 0.794499 0.751787 0.046966 0.053281
2 0.208425 0.764133 0.052814 0.050682
