0 0.401133 0.500162 0.264254 0.999675
1 0.523575 0.590481 0.013523 0.158869
1 0.356908 0.319526 0.038377 0.141975
1 0.395742 0.379955 0.031615 0.057505
1 0.283443 0.180799 0.019737 0.117284
4 0.353893 0.204191 0.010051 0.026316
3 0.536458 0.649285 0.012244 0.010071
3 0.551718 0.643925 0.012061 0.008447
3 0.535453 0.675763 0.011696 0.009097
3 0.549616 0.670728 0.011879 0.008122
3 0.559576 0.695419 0.012427 0.009422
3 0.574196 0.688434 0.012427 0.009747
3 0.55318 0.723034 0.012427 0.011371
3 0.567891 0.716699 0.011879 0.008447
3 0.395742 0.401722 0.011148 0.006823
3 0.4089 0.401884 0.011148 0.004548
3 0.404605 0.416667 0.01133 0.008122
3 0.418586 0.415367 0.011148 0.007472
3 0.397661 0.424789 0.011696 0.006823
3 0.41155 0.424301 0.01133 0.005848
3 0.408808 0.437622 0.01133 0.007147
3 0.421327 0.436485 0.008955 0.006823
3 0.318165 0.282814 0.008772 0.004224
3 0.32849 0.283138 0.009686 0.004873
3 0.31981 0.274854 0.008406 0.004548
3 0.322643 0.257797 0.010051 0.006173
3 0.311038 0.257147 0.01133 0.006823
2 0.525493 0.682099 0.028326 0.080247
2 0.380117 0.413255 0.013158 0.051332
2 0.290844 0.251462 0.018458 0.05783
