0 0.413377 0.465562 0.096491 0.335283
0 0.497076 0.689896 0.414474 0.620208
0 0.868787 0.310916 0.030702 0.127355
1 0.68814 0.598441 0.022844 0.090968
1 0.29386 0.638077 0.009868 0.094217
1 0.471765 0.630929 0.050621 0.050682
1 0.534631 0.626056 0.04989 0.061728
4 0.494518 0.52258 0.013523 0.010071
3 0.668403 0.691358 0.0053 0.012995
3 0.683662 0.703054 0.004751 0.012995
3 0.692708 0.67284 0.004203 0.011046
3 0.496893 0.705003 0.002558 0.012995
3 0.509686 0.705491 0.002193 0.011371
3 0.496436 0.686322 0.00201 0.011371
3 0.510782 0.688272 0.00402 0.010071
3 0.279788 0.743665 0.00402 0.011696
3 0.275676 0.713288 0.003838 0.01462
3 0.299525 0.738954 0.003289 0.012021
3 0.299708 0.716049 0.003655 0.012995
2 0.291301 0.697368 0.026681 0.034763
2 0.678363 0.655945 0.027778 0.031189
2 0.502833 0.667804 0.013341 0.025666
