0 0.280245 0.749675 0.53527 0.50065
1 0.358553 0.781352 0.05519 0.102014
1 0.277138 0.822937 0.078399 0.051982
1 0.541301 0.680637 0.010234 0.099415
1 0.039839 0.93681 0.043494 0.114035
4 0.319444 0.704516 0.023026 0.021767
3 0.513798 0.728558 0.004569 0.011371
3 0.518275 0.740416 0.006213 0.011696
3 0.515899 0.709877 0.004751 0.010396
3 0.546875 0.709714 0.0053 0.009422
3 0.040479 0.975634 0.006031 0.016244
3 0.07913 0.956953 0.005482 0.016569
3 0.082785 0.940546 0.005482 0.018843
3 0.091283 0.953379 0.004934 0.017219
3 0.088816 0.968973 0.006213 0.015919
2 0.326115 0.847953 0.021016 0.036387
2 0.541575 0.73603 0.030885 0.039961
2 0.056469 0.98603 0.053363 0.02794
