0 0.78655 0.087232 0.100146 0.173814
0 0.717928 0.053606 0.035636 0.106563
0 0.467014 0.546134 0.13432 0.907732
1 0.526681 0.590481 0.017544 0.250487
1 0.440698 0.448668 0.018823 0.133203
3 0.46345 0.766894 0.019371 0.016569
3 0.48538 0.749513 0.020468 0.017544
3 0.455135 0.826186 0.019554 0.017544
3 0.476974 0.806043 0.021199 0.022092
3 0.501188 0.784763 0.022478 0.018519
3 0.468293 0.876868 0.022844 0.020143
3 0.490588 0.859974 0.020651 0.020793
3 0.407164 0.560754 0.013523 0.011046
3 0.423428 0.548083 0.013889 0.011046
3 0.4089 0.570988 0.011148 0.010071
3 0.421327 0.561404 0.013341 0.009747
3 0.4036 0.592268 0.013706 0.012346
3 0.419682 0.580409 0.013341 0.010721
3 0.410088 0.600552 0.013158 0.012021
3 0.426078 0.589344 0.013706 0.012346
2 0.524945 0.745776 0.030154 0.086095
2 0.447277 0.545159 0.008224 0.047433
