0 0.579313 0.641163 0.28655 0.717674
1 0.446363 0.864685 0.019554 0.18486
1 0.633041 0.618908 0.036184 0.134503
1 0.592745 0.671053 0.037829 0.067251
1 0.712354 0.502924 0.013889 0.11306
4 0.642361 0.484405 0.010234 0.024691
3 0.410636 0.974496 0.013523 0.01332
3 0.438779 0.930149 0.013158 0.012995
3 0.488121 0.978882 0.014254 0.019493
3 0.439784 0.961176 0.012244 0.010071
3 0.585618 0.732943 0.011513 0.008447
3 0.59375 0.718973 0.011696 0.008447
3 0.585709 0.70744 0.01133 0.007472
3 0.596765 0.69412 0.010782 0.006823
3 0.628472 0.733593 0.012061 0.013645
3 0.639529 0.721248 0.012244 0.012995
3 0.652321 0.730994 0.012244 0.012346
3 0.641082 0.744964 0.01133 0.010396
3 0.649214 0.755686 0.011879 0.012346
3 0.642087 0.772255 0.012244 0.012995
3 0.629751 0.761046 0.012427 0.01397
3 0.636787 0.744639 0.010782 0.011046
3 0.684576 0.571313 0.009137 0.004873
3 0.696363 0.55653 0.011513 0.004548
3 0.691155 0.595192 0.009868 0.007797
3 0.720669 0.616309 0.010417 0.009747
3 0.731086 0.623619 0.010782 0.010721
3 0.729258 0.610624 0.009686 0.010071
3 0.739492 0.618746 0.009686 0.010721
3 0.721765 0.587557 0.010782 0.008772
3 0.731634 0.594217 0.010782 0.009747
3 0.732548 0.571475 0.010051 0.008447
3 0.74333 0.579272 0.010051 0.007797
2 0.448282 0.963938 0.035819 0.072125
2 0.61239 0.714263 0.012427 0.049058
2 0.708151 0.575211 0.015716 0.048408
