0 0.451937 0.569688 0.126827 0.860624
0 0.336623 0.578622 0.04386 0.626381
1 0.510051 0.474009 0.011696 0.166342
1 0.434485 0.404321 0.007858 0.121183
1 0.391904 0.366309 0.008955 0.096491
4 0.437865 0.275991 0.005117 0.011371
3 0.492325 0.589669 0.014254 0.011046
3 0.478893 0.571313 0.014803 0.010721
3 0.477156 0.612248 0.01462 0.012021
3 0.487756 0.640188 0.01462 0.012671
3 0.537829 0.630767 0.01462 0.006823
3 0.526316 0.604451 0.01462 0.008772
3 0.543129 0.582359 0.013523 0.011371
3 0.527686 0.565789 0.012975 0.006823
3 0.373173 0.424139 0.009503 0.008122
3 0.378838 0.4295 0.008772 0.008447
3 0.380208 0.453379 0.008589 0.006823
2 0.510691 0.576186 0.018823 0.064003
2 0.39227 0.426901 0.00932 0.033138
2 0.433754 0.483106 0.008955 0.032489
