0 0.055099 0.437637 0.019554 0.0858
0 0.77659 0.427906 0.015168 0.098136
0 0.493056 0.709293 0.059576 0.581414
0 0.474872 0.461212 0.013341 0.109375
1 0.500365 0.937226 0.01864 0.125548
3 0.458242 0.682292 0.009686 0.004934
3 0.459521 0.669271 0.007858 0.00466
3 0.458973 0.7071 0.009686 0.004112
3 0.459887 0.702988 0.007858 0.003564
3 0.457328 0.830044 0.013706 0.007127
3 0.460252 0.844846 0.013706 0.006579
3 0.458882 0.803728 0.013158 0.006579
3 0.458516 0.818668 0.013889 0.007401
3 0.521016 0.841557 0.010599 0.007127
3 0.519189 0.815515 0.006579 0.004386
3 0.517909 0.826617 0.00402 0.004112
3 0.514072 0.801124 0.012427 0.005208
