0 0.508406 0.590968 0.809942 0.687459
1 0.44682 0.568876 0.092471 0.063028
1 0.562317 0.575374 0.093202 0.05848
1 0.857365 0.574561 0.078765 0.10104
1 0.132036 0.541261 0.041484 0.102664
4 0.48273 0.481481 0.026864 0.012995
3 0.488304 0.67089 0.00402 0.023392
3 0.509229 0.675763 0.003472 0.025341
3 0.48867 0.654159 0.00402 0.025666
3 0.51133 0.662281 0.004386 0.023067
3 0.786458 0.69152 0.004569 0.026316
3 0.801992 0.670403 0.003472 0.026316
3 0.808936 0.705815 0.004203 0.025666
3 0.836531 0.6782 0.004203 0.026316
3 0.120431 0.6423 0.004386 0.022092
3 0.138523 0.663905 0.006579 0.026966
3 0.16155 0.645874 0.004751 0.023392
3 0.168586 0.66293 0.005665 0.025666
2 0.502741 0.610624 0.024123 0.026966
2 0.813962 0.624107 0.058114 0.032489
2 0.150219 0.597953 0.054459 0.036712
