0 0.74269 0.510691 0.512427 0.978618
1 0.493787 0.415022 0.016082 0.179825
1 0.822734 0.569627 0.106725 0.208333
1 0.956689 0.675027 0.086623 0.052357
4 0.948099 0.304276 0.053363 0.032895
3 0.490588 0.600877 0.010782 0.016447
3 0.459978 0.593202 0.010599 0.015899
3 0.449013 0.539062 0.009868 0.01727
3 0.53061 0.548794 0.010417 0.010965
3 0.526864 0.511102 0.01133 0.010691
3 0.486933 0.560718 0.010782 0.021107
3 0.490954 0.49068 0.010051 0.00932
3 0.499909 0.542763 0.010051 0.009868
3 0.889346 0.806195 0.008589 0.029605
3 0.899306 0.770696 0.009868 0.029331
3 0.847953 0.786595 0.009503 0.029879
3 0.856086 0.743832 0.00932 0.028235
3 0.866228 0.696272 0.008406 0.025768
3 0.902595 0.716694 0.004751 0.016721
2 0.490863 0.526864 0.042398 0.074561
2 0.886696 0.713816 0.051901 0.071272
