0 0.713085 0.681449 0.573099 0.637102
1 0.437865 0.574237 0.016082 0.122482
1 0.715917 0.867122 0.040387 0.111761
4 0.767909 0.801657 0.034357 0.041261
3 0.407255 0.659519 0.010051 0.020143
3 0.416667 0.696719 0.009868 0.021767
3 0.436038 0.691683 0.009137 0.023392
3 0.439327 0.716862 0.01133 0.023067
3 0.472953 0.64961 0.009868 0.015919
3 0.469572 0.626218 0.010417 0.016569
3 0.450749 0.632229 0.009686 0.013645
3 0.441429 0.595679 0.009686 0.015919
3 0.699653 0.866634 0.008955 0.020468
3 0.671875 0.956303 0.00932 0.028915
3 0.722679 0.892625 0.007858 0.022417
3 0.715552 0.909682 0.007858 0.023392
2 0.44015 0.6436 0.03527 0.065627
2 0.697734 0.922352 0.027778 0.046784
