0 0.491594 0.572937 0.099415 0.854126
1 0.503929 0.809942 0.015168 0.108512
1 0.754569 0.559617 0.490863 0.094542
1 0.254295 0.544997 0.508224 0.062703
3 0.462628 0.850065 0.014437 0.006823
3 0.476151 0.847466 0.015899 0.006823
3 0.460709 0.867122 0.014254 0.008447
3 0.475146 0.866147 0.013158 0.009747
3 0.458973 0.919103 0.013706 0.011046
3 0.472953 0.919266 0.013523 0.010071
3 0.526133 0.916829 0.01462 0.005848
3 0.528052 0.900585 0.015899 0.008447
3 0.524397 0.86566 0.013706 0.008772
3 0.526316 0.847466 0.01462 0.006823
3 0.461075 0.905296 0.014254 0.008122
3 0.463724 0.583008 0.011879 0.008772
3 0.474963 0.581059 0.01133 0.007472
3 0.461623 0.566277 0.011696 0.007797
3 0.47405 0.564003 0.01133 0.009747
3 0.464273 0.546621 0.010782 0.006823
3 0.474324 0.545809 0.010782 0.008447
3 0.462993 0.393275 0.008955 0.006173
3 0.472222 0.391975 0.009137 0.006823
3 0.471034 0.380117 0.007493 0.005848
3 0.462171 0.381579 0.009868 0.006823
3 0.461349 0.371507 0.00932 0.006823
3 0.470852 0.369396 0.00932 0.007147
3 0.4608 0.35039 0.008589 0.006173
3 0.469846 0.348603 0.008406 0.007797
