0 0.501553 0.500274 0.066703 0.999452
0 0.123721 0.415707 0.016447 0.083059
0 0.839364 0.410636 0.017909 0.110197
1 0.49735 0.512747 0.023575 0.277138
3 0.553454 0.785499 0.02723 0.011787
3 0.551261 0.728481 0.024306 0.008498
3 0.556195 0.707237 0.027595 0.012061
3 0.553728 0.670779 0.024488 0.010965
3 0.452211 0.672286 0.025037 0.009046
3 0.444444 0.708745 0.028509 0.010143
3 0.449653 0.7304 0.02394 0.010691
3 0.441703 0.787966 0.02595 0.011787
3 0.542215 0.570998 0.01462 0.006579
3 0.536641 0.563048 0.014437 0.004934
3 0.538012 0.540844 0.014985 0.005482
3 0.537189 0.535636 0.013341 0.005482
3 0.532621 0.51398 0.011148 0.003289
3 0.53189 0.51028 0.00932 0.005208
3 0.479441 0.570861 0.014803 0.005208
3 0.476974 0.564967 0.014254 0.005482
3 0.476882 0.542763 0.015168 0.006579
3 0.478801 0.536047 0.014254 0.006305
3 0.487116 0.485746 0.00932 0.004386
3 0.487208 0.510554 0.007675 0.003564
3 0.531433 0.483827 0.006213 0.004386
3 0.532712 0.479578 0.00731 0.003564
2 0.500183 0.694353 0.012427 0.089364
