0 0.324653 0.410331 0.103253 0.820013
0 0.455775 0.516407 0.125731 0.967186
1 0.517544 0.536062 0.022661 0.271605
1 0.426718 0.448018 0.016813 0.128005
3 0.467471 0.706465 0.022295 0.01332
3 0.489401 0.717024 0.025585 0.019493
3 0.466648 0.776966 0.024671 0.022417
3 0.484923 0.816602 0.026499 0.022417
3 0.57648 0.80718 0.024306 0.017869
3 0.552814 0.772092 0.021564 0.01462
3 0.580592 0.714263 0.025219 0.015919
3 0.55117 0.705003 0.022295 0.010396
3 0.379295 0.481157 0.010417 0.007797
3 0.384868 0.508609 0.012061 0.008122
3 0.381762 0.520955 0.010965 0.006173
3 0.407986 0.542073 0.014437 0.008122
3 0.405519 0.569038 0.014254 0.010071
3 0.41027 0.575049 0.013889 0.009097
3 0.462537 0.54321 0.013889 0.006498
2 0.521564 0.71475 0.03655 0.100065
