0 0.468202 0.688434 0.35307 0.623132
1 0.441338 0.529077 0.045322 0.055556
1 0.496071 0.529565 0.043677 0.053931
1 0.303088 0.520305 0.018092 0.075049
1 0.633406 0.529077 0.015351 0.074399
4 0.476243 0.467349 0.013889 0.006823
3 0.462811 0.597303 0.003838 0.01332
3 0.474781 0.607862 0.002558 0.016244
3 0.462993 0.610624 0.003472 0.01462
3 0.475146 0.58642 0.003289 0.012995
3 0.302449 0.617446 0.003289 0.012671
3 0.319536 0.612086 0.003838 0.013645
3 0.320906 0.597953 0.003289 0.01397
3 0.304185 0.603314 0.003107 0.013645
3 0.301444 0.542073 0.003472 0.011371
3 0.32246 0.541261 0.003472 0.011046
3 0.32648 0.554256 0.003107 0.012346
3 0.616868 0.6064 0.002741 0.01332
3 0.618147 0.619883 0.003838 0.014295
3 0.634137 0.612736 0.003289 0.013645
3 0.634686 0.626218 0.003289 0.01397
3 0.642818 0.606888 0.003107 0.012346
3 0.641996 0.592755 0.003289 0.01397
3 0.620066 0.591131 0.003655 0.01332
3 0.621162 0.605263 0.002924 0.012995
3 0.616776 0.547758 0.003289 0.011046
2 0.469664 0.562703 0.015351 0.020793
2 0.310398 0.563515 0.030154 0.021767
2 0.627741 0.57115 0.027412 0.022092
