0 0.514072 0.636615 0.648757 0.726771
0 0.475694 0.201592 0.105629 0.402534
0 0.596583 0.038499 0.026864 0.076348
0 0.651133 0.045647 0.019006 0.04321
0 0.686221 0.031027 0.017909 0.061404
1 0.560581 0.62167 0.078034 0.074399
1 0.464181 0.618746 0.076389 0.073749
1 0.20276 0.59909 0.017361 0.122807
1 0.804642 0.609812 0.048977 0.122807
4 0.497533 0.482456 0.021382 0.013645
3 0.498812 0.727908 0.003472 0.019168
3 0.499543 0.704191 0.003107 0.019168
3 0.517452 0.730994 0.003107 0.020793
3 0.519371 0.710039 0.003289 0.018519
3 0.178819 0.704191 0.004203 0.017869
3 0.189327 0.738142 0.006213 0.020793
3 0.216466 0.73473 0.0053 0.019818
3 0.213085 0.709227 0.003655 0.017544
3 0.760599 0.740416 0.005482 0.020143
3 0.782803 0.75796 0.005665 0.022742
3 0.801992 0.720923 0.0053 0.020143
3 0.771473 0.712151 0.0053 0.019493
2 0.510234 0.670403 0.023026 0.037362
2 0.207328 0.673489 0.042215 0.045484
2 0.779697 0.680149 0.045139 0.039961
