0 0.497076 0.647498 0.70943 0.705003
1 0.444901 0.612248 0.08644 0.103639
1 0.552266 0.61371 0.086623 0.100715
1 0.173428 0.602827 0.044956 0.141326
4 0.518092 0.488791 0.028874 0.016569
3 0.486111 0.768356 0.00402 0.026641
3 0.485837 0.742203 0.004934 0.027615
3 0.485471 0.716862 0.005665 0.024366
3 0.508681 0.765757 0.003838 0.02729
3 0.509686 0.741878 0.006213 0.022417
3 0.153692 0.756335 0.008406 0.02794
3 0.158991 0.728233 0.007675 0.025666
3 0.175713 0.784276 0.007493 0.026641
3 0.181104 0.756335 0.008041 0.026641
3 0.196729 0.755848 0.007858 0.029565
3 0.201663 0.726771 0.007858 0.02859
3 0.208333 0.776478 0.009137 0.02729
3 0.212354 0.748376 0.006579 0.028265
3 0.817982 0.606563 0.049708 0.139701
3 0.758498 0.665692 0.006762 0.020143
3 0.768823 0.639701 0.00731 0.017544
3 0.826663 0.728395 0.006762 0.024691
3 0.831597 0.757147 0.007858 0.028265
3 0.806469 0.763483 0.00731 0.026641
3 0.810581 0.791261 0.008224 0.028265
3 0.789291 0.750487 0.006944 0.02729
3 0.785727 0.724009 0.007493 0.027615
3 0.775311 0.752762 0.008224 0.02729
3 0.779423 0.780377 0.00731 0.02859
3 0.230629 0.660819 0.00731 0.019493
3 0.220943 0.639701 0.006944 0.020793
2 0.498173 0.674951 0.026681 0.033463
2 0.192982 0.681611 0.057383 0.040286
2 0.794591 0.685023 0.05848 0.041261
