0 0.554825 0.527686 0.170322 0.944627
1 0.630482 0.523575 0.024488 0.245614
1 0.518366 0.45148 0.011513 0.141996
1 0.472953 0.423109 0.008772 0.101151
4 0.511696 0.294956 0.005482 0.012061
3 0.450567 0.485609 0.00932 0.004112
3 0.453947 0.489995 0.010599 0.005208
3 0.491411 0.518092 0.009137 0.004386
3 0.494609 0.514529 0.00932 0.003838
3 0.493147 0.489583 0.009686 0.003838
3 0.488852 0.484923 0.009503 0.002741
3 0.454861 0.515214 0.009868 0.00466
3 0.487116 0.540981 0.012975 0.00466
3 0.491868 0.547834 0.014072 0.006305
3 0.547515 0.545916 0.013158 0.00466
3 0.483735 0.56949 0.013523 0.006305
3 0.492233 0.575384 0.014072 0.005482
3 0.549525 0.57415 0.013523 0.005208
3 0.540479 0.56716 0.012975 0.004934
3 0.579678 0.776042 0.024123 0.013706
3 0.569079 0.725192 0.021199 0.011787
3 0.590278 0.701754 0.024123 0.009868
3 0.574744 0.669819 0.022295 0.008498
3 0.677449 0.764391 0.022295 0.006305
3 0.658808 0.716557 0.021199 0.006031
3 0.663377 0.664474 0.020833 0.007675
3 0.688231 0.69545 0.023026 0.00932
2 0.628107 0.681743 0.028874 0.094298
2 0.517727 0.543448 0.010234 0.040844
2 0.471857 0.490406 0.006944 0.034539
