0 0.060855 0.684048 0.121345 0.513645
0 0.700841 0.502437 0.376462 0.995127
1 0.507675 0.422677 0.035088 0.246914
1 0.727705 0.400097 0.047149 0.09974
1 0.779331 0.393112 0.046235 0.105913
1 0.874452 0.352502 0.02193 0.127355
4 0.775768 0.180474 0.01133 0.018519
3 0.503198 0.688921 0.015534 0.022417
3 0.536276 0.663743 0.015168 0.022742
3 0.539291 0.603964 0.015351 0.023392
3 0.500457 0.606563 0.015168 0.020793
3 0.769737 0.483593 0.013523 0.012021
3 0.783352 0.483431 0.013706 0.013645
3 0.769463 0.517219 0.012244 0.014295
3 0.78125 0.515432 0.013889 0.01332
3 0.881031 0.471897 0.012061 0.012021
3 0.882584 0.439084 0.011879 0.008772
3 0.891265 0.446231 0.010234 0.009422
3 0.888889 0.488304 0.012061 0.011696
2 0.494152 0.582034 0.047515 0.084146
2 0.752376 0.468486 0.013158 0.044834
2 0.866502 0.43681 0.016996 0.036062
2 0.179459 0.545159 0.009503 0.014945
