0 0.342836 0.610461 0.041667 0.622482
0 0.457968 0.636615 0.124269 0.726771
1 0.514803 0.633853 0.010965 0.153996
1 0.440789 0.517544 0.008406 0.112411
1 0.398483 0.451592 0.007858 0.092917
4 0.444536 0.395874 0.005665 0.01527
3 0.492964 0.788174 0.013341 0.012346
3 0.539931 0.774691 0.012244 0.007472
3 0.529605 0.743502 0.01133 0.008772
3 0.544591 0.734243 0.012061 0.007797
3 0.530976 0.710364 0.01261 0.008122
3 0.497716 0.745127 0.01261 0.007472
3 0.483187 0.754548 0.012792 0.011371
3 0.380939 0.505523 0.008955 0.007147
3 0.383315 0.53525 0.008224 0.002924
3 0.386422 0.536875 0.010051 0.007472
3 0.386239 0.51332 0.008589 0.007797
2 0.514163 0.723197 0.018458 0.05848
2 0.399397 0.509097 0.010782 0.035737
