0 0.313962 0.485055 0.421053 0.969461
0 0.754386 0.268031 0.125 0.40026
1 0.116411 0.250325 0.022661 0.112086
1 0.25201 0.332359 0.055921 0.098765
1 0.313688 0.363385 0.048063 0.058804
1 0.508041 0.438596 0.029971 0.152697
4 0.240954 0.176088 0.014072 0.018194
3 0.119335 0.367934 0.010599 0.01397
3 0.099324 0.325211 0.008589 0.012346
3 0.116685 0.340481 0.008589 0.014295
3 0.107091 0.361436 0.010234 0.012021
3 0.264529 0.419266 0.009686 0.01462
3 0.265168 0.444444 0.009868 0.014945
3 0.276407 0.454353 0.009686 0.01462
3 0.461806 0.57245 0.012061 0.017544
3 0.484284 0.609974 0.009503 0.019818
3 0.499178 0.57115 0.008955 0.017544
3 0.468659 0.540936 0.008955 0.017544
2 0.125274 0.320988 0.023209 0.049383
2 0.286915 0.404483 0.015716 0.042885
2 0.497442 0.526316 0.038743 0.064327
2 0.658991 0.231319 0.00731 0.014945
