0 0.293129 0.435855 0.01462 0.115132
1 0.510965 0.453673 0.010234 0.142544
1 0.4375 0.424068 0.008406 0.101425
3 0.72807 0.745614 0.019371 0.006031
3 0.698465 0.701343 0.016813 0.005208
3 0.741228 0.680236 0.020833 0.006853
3 0.621436 0.721491 0.020285 0.014254
3 0.661915 0.699424 0.023026 0.012884
3 0.628015 0.66886 0.021016 0.012061
3 0.703125 0.652961 0.018823 0.007127
3 0.489583 0.578536 0.013889 0.006853
3 0.479441 0.573054 0.013341 0.00795
3 0.531981 0.564556 0.012061 0.003564
3 0.543311 0.570724 0.011696 0.005482
3 0.541575 0.54386 0.013706 0.003289
3 0.488213 0.551535 0.013706 0.007675
3 0.481086 0.545093 0.012975 0.006305
3 0.419499 0.493832 0.010051 0.005757
3 0.415113 0.488076 0.009686 0.005208
3 0.420596 0.519189 0.011148 0.005482
3 0.462993 0.515077 0.007858 0.003838
3 0.459338 0.489446 0.010417 0.004112
2 0.438231 0.491639 0.009137 0.036458
2 0.683845 0.673246 0.045687 0.089912
