0 0.332602 0.389254 0.037646 0.14364
0 0.193896 0.404331 0.020468 0.050439
0 0.20349 0.387747 0.015534 0.070998
0 0.485106 0.40625 0.011148 0.07511
0 0.880482 0.449561 0.017909 0.127741
0 0.617599 0.515077 0.23739 0.969846
1 0.507127 0.527549 0.02193 0.259594
1 0.664656 0.456826 0.013889 0.155976
1 0.731542 0.429413 0.01133 0.112116
4 0.685855 0.289337 0.007675 0.013432
3 0.542124 0.797149 0.02394 0.016996
3 0.45212 0.766447 0.020102 0.00932
3 0.568257 0.74438 0.022478 0.012884
3 0.535819 0.721491 0.024854 0.016996
3 0.482639 0.720806 0.019737 0.005757
3 0.446363 0.695038 0.021016 0.008498
3 0.483827 0.667215 0.020285 0.007127
3 0.568257 0.689008 0.022844 0.016173
3 0.694536 0.595121 0.015168 0.008772
3 0.695267 0.587034 0.015534 0.007401
3 0.631213 0.585389 0.014254 0.004112
3 0.634868 0.578673 0.014254 0.004934
3 0.691064 0.564145 0.016265 0.006579
3 0.697186 0.558251 0.015351 0.008498
3 0.629386 0.556058 0.013523 0.003564
3 0.748812 0.531387 0.011148 0.006305
3 0.748629 0.503289 0.011879 0.004934
3 0.756762 0.497944 0.011696 0.005208
3 0.702394 0.499315 0.011148 0.00466
3 0.701389 0.526453 0.01133 0.003564
3 0.709156 0.530976 0.011879 0.004934
3 0.756579 0.536184 0.011696 0.005482
3 0.638067 0.549205 0.013706 0.004112
2 0.663194 0.557018 0.008772 0.044408
2 0.729989 0.501096 0.012244 0.04057
2 0.506031 0.691475 0.041667 0.09841
