0 0.491959 0.485055 0.448099 0.649773
1 0.28326 0.335445 0.022295 0.079597
1 0.698282 0.32846 0.024488 0.078622
1 0.457876 0.339669 0.056835 0.060104
1 0.526681 0.337557 0.057383 0.059779
4 0.50402 0.272255 0.018275 0.010396
3 0.28061 0.3577 0.004203 0.011696
3 0.282712 0.345029 0.004751 0.011696
3 0.293951 0.360786 0.003838 0.008772
3 0.306835 0.35835 0.003655 0.011696
3 0.30848 0.346491 0.00402 0.012671
3 0.313596 0.356888 0.002924 0.011371
3 0.311495 0.368096 0.004569 0.011696
3 0.668037 0.362248 0.003472 0.011696
3 0.66557 0.348441 0.00402 0.012021
3 0.671053 0.334633 0.004751 0.011696
3 0.67352 0.348116 0.003838 0.010721
3 0.684942 0.354126 0.003655 0.011046
3 0.699196 0.350227 0.00402 0.011696
3 0.485289 0.35104 0.002741 0.012671
3 0.499726 0.350552 0.003107 0.011046
3 0.500091 0.338044 0.003107 0.012021
3 0.485197 0.338694 0.002193 0.010721
2 0.292398 0.380279 0.038012 0.024366
2 0.687591 0.373457 0.034539 0.026966
2 0.491959 0.375569 0.016813 0.024042
