1 0.49205 0.533138 0.025768 0.123457
1 0.816612 0.736192 0.106908 0.066277
1 0.712171 0.679175 0.061769 0.148473
4 0.801718 0.565789 0.029971 0.030864
3 0.45349 0.612248 0.010782 0.021767
3 0.45413 0.651722 0.010234 0.020793
3 0.479349 0.662606 0.01133 0.020468
3 0.503655 0.613873 0.008406 0.01527
3 0.505391 0.588694 0.008224 0.016894
3 0.477431 0.565952 0.006762 0.012995
3 0.480903 0.638726 0.008589 0.019493
3 0.723501 0.827485 0.009137 0.022092
3 0.746802 0.840481 0.007858 0.024691
3 0.728618 0.797109 0.007675 0.020468
2 0.479989 0.604126 0.031615 0.065952
2 0.748447 0.773717 0.030885 0.055556
