0 0.362573 0.544834 0.043129 0.587394
0 0.475603 0.62232 0.117142 0.755361
1 0.530245 0.592917 0.010417 0.133203
1 0.461623 0.480507 0.006579 0.103314
1 0.42087 0.412281 0.007675 0.08447
4 0.464912 0.367934 0.004751 0.01397
3 0.544134 0.660981 0.010782 0.008772
3 0.557109 0.682424 0.010782 0.007472
3 0.542855 0.690058 0.010417 0.007147
3 0.55254 0.719298 0.010782 0.008447
3 0.510691 0.730507 0.010782 0.012671
3 0.514985 0.69347 0.011696 0.010071
3 0.404423 0.462638 0.00731 0.007147
3 0.409814 0.471085 0.006762 0.005198
3 0.406798 0.491228 0.006944 0.006498
3 0.410727 0.49204 0.007127 0.006173
3 0.445906 0.553769 0.007675 0.006823
3 0.447186 0.571962 0.00731 0.007472
3 0.443348 0.544185 0.008041 0.006498
2 0.529423 0.673489 0.016082 0.053281
2 0.421692 0.466374 0.008589 0.033463
2 0.461623 0.546784 0.006579 0.030539
