0 0.491776 0.688596 0.469664 0.622807
1 0.713907 0.615172 0.021016 0.115335
1 0.493147 0.614035 0.008589 0.111761
1 0.269828 0.617934 0.021016 0.117609
4 0.507401 0.503086 0.017727 0.012671
3 0.684576 0.683073 0.005482 0.012021
3 0.695358 0.733268 0.005117 0.018843
3 0.716831 0.740253 0.004934 0.017869
3 0.727248 0.705815 0.005665 0.017869
3 0.68814 0.658382 0.004569 0.012021
3 0.715278 0.657407 0.005117 0.01397
3 0.699013 0.705003 0.004751 0.016244
3 0.288834 0.73538 0.0053 0.017869
3 0.266082 0.744152 0.005482 0.016569
2 0.707054 0.682749 0.034722 0.034763
2 0.493512 0.678525 0.018823 0.028265
2 0.276773 0.686647 0.036732 0.032814
