0 0.505757 0.501371 0.958151 0.997259
0 0.242142 0.18188 0.022295 0.040844
0 0.154423 0.190378 0.025585 0.074836
0 0.342562 0.136513 0.030885 0.082785
0 0.488395 0.103481 0.037463 0.118147
0 0.488761 0.022615 0.017727 0.044682
1 0.065058 0.486294 0.053363 0.217105
1 0.949561 0.490132 0.056287 0.20943
1 0.438596 0.503838 0.116228 0.162281
1 0.585161 0.504386 0.119883 0.158991
4 0.492325 0.240132 0.035088 0.01864
3 0.029697 0.656113 0.012975 0.026042
3 0.1017 0.703262 0.011879 0.0233
3 0.14364 0.630757 0.010965 0.012061
3 0.132858 0.587582 0.01133 0.014529
3 0.088724 0.657209 0.011879 0.024945
3 0.102796 0.642407 0.012244 0.014529
3 0.058845 0.715186 0.01462 0.022478
3 0.495431 0.687363 0.004386 0.024945
3 0.527961 0.685444 0.005117 0.024397
3 0.494426 0.646656 0.004934 0.022478
3 0.529331 0.649397 0.005665 0.024123
3 0.494061 0.614035 0.004203 0.014803
3 0.52394 0.612527 0.002924 0.010143
3 0.958882 0.721491 0.013523 0.026316
3 0.981634 0.654879 0.015899 0.023026
3 0.9142 0.705181 0.011879 0.024945
3 0.870705 0.632538 0.011148 0.015077
3 0.878564 0.58813 0.012975 0.012884
3 0.922697 0.653235 0.014254 0.022478
3 0.910819 0.647615 0.010965 0.014529
2 0.087354 0.622259 0.073099 0.061404
2 0.509137 0.608553 0.033626 0.053728
2 0.926535 0.622807 0.073099 0.0625
