0 0.46875 0.675713 0.247076 0.648575
1 0.581323 0.97903 0.028143 0.041941
1 0.408534 0.727385 0.013706 0.182292
4 0.396016 0.544819 0.005848 0.024397
3 0.330044 0.66557 0.011696 0.007675
3 0.332602 0.679688 0.012427 0.00795
3 0.334704 0.7108 0.012244 0.006031
3 0.333333 0.706003 0.010234 0.005757
3 0.376005 0.658717 0.011148 0.004386
3 0.381213 0.673657 0.012427 0.004112
3 0.370888 0.83676 0.017361 0.009594
3 0.376188 0.857867 0.017361 0.013432
3 0.366776 0.873081 0.017544 0.01261
3 0.377102 0.891036 0.017727 0.009046
3 0.447551 0.840461 0.016813 0.007127
3 0.450384 0.873081 0.016996 0.005482
3 0.43951 0.855126 0.016813 0.006853
