0 0.465278 0.674951 0.555556 0.650097
1 0.20742 0.611111 0.02595 0.119558
1 0.513341 0.617284 0.068713 0.088369
1 0.426992 0.618908 0.072186 0.091618
1 0.726882 0.608512 0.026133 0.117609
4 0.481999 0.502437 0.022113 0.01462
3 0.246528 0.67755 0.006213 0.012021
3 0.250274 0.666829 0.0053 0.01397
3 0.244518 0.648635 0.005848 0.012671
3 0.239218 0.658869 0.005482 0.013645
3 0.206232 0.658382 0.006031 0.010071
3 0.48136 0.640026 0.002924 0.012346
3 0.462811 0.64165 0.002741 0.013645
3 0.685673 0.660819 0.00402 0.013645
3 0.69015 0.674301 0.004569 0.012671
3 0.691064 0.639701 0.004934 0.012995
3 0.696089 0.652209 0.005117 0.012671
3 0.728162 0.653671 0.006031 0.011046
2 0.217654 0.683236 0.04788 0.042235
2 0.470852 0.675439 0.022844 0.037687
2 0.717379 0.677713 0.043677 0.035088
