0 0.493787 0.662606 0.695541 0.674789
1 0.179185 0.53655 0.046966 0.094542
1 0.806012 0.566277 0.051352 0.090318
1 0.545504 0.560591 0.08443 0.065952
1 0.441155 0.560429 0.084795 0.068876
4 0.511148 0.493015 0.027778 0.011371
3 0.234923 0.560916 0.006396 0.018519
3 0.239766 0.541585 0.005482 0.018194
3 0.225146 0.552632 0.005848 0.019493
3 0.230355 0.532001 0.0053 0.019818
3 0.212354 0.546784 0.006579 0.018843
3 0.206963 0.565952 0.006031 0.017544
3 0.193165 0.530214 0.006213 0.020143
3 0.187135 0.550032 0.006944 0.020793
3 0.743787 0.560916 0.005117 0.017869
3 0.748173 0.584633 0.005117 0.019168
3 0.753015 0.546459 0.0053 0.018194
3 0.758224 0.570988 0.005848 0.018519
3 0.771107 0.570825 0.005665 0.018843
3 0.775768 0.594055 0.005482 0.019818
3 0.789839 0.55117 0.005848 0.019818
3 0.795596 0.573587 0.0053 0.01527
3 0.483096 0.560591 0.004569 0.020468
3 0.50466 0.544672 0.004569 0.016569
3 0.483827 0.5718 0.0053 0.017544
3 0.504477 0.567901 0.004569 0.019493
2 0.20011 0.588369 0.053728 0.032489
2 0.783169 0.610624 0.058662 0.028915
2 0.493695 0.598928 0.024671 0.025666
