0 0.498447 0.674301 0.671966 0.651397
1 0.444536 0.626543 0.083151 0.082196
1 0.547423 0.623294 0.083516 0.087394
1 0.205044 0.628655 0.065058 0.116309
1 0.808936 0.602664 0.021382 0.119558
4 0.478253 0.4641 0.025219 0.010071
3 0.489583 0.740903 0.004386 0.021118
3 0.510417 0.735218 0.004751 0.022092
3 0.486111 0.63694 0.003655 0.017869
3 0.508041 0.638564 0.00402 0.019168
3 0.488213 0.654808 0.003472 0.015919
3 0.213633 0.745939 0.006213 0.024042
3 0.239309 0.765757 0.006396 0.026641
3 0.263615 0.749675 0.004934 0.025016
3 0.275128 0.664392 0.006031 0.020143
3 0.261605 0.647823 0.006396 0.021442
3 0.228344 0.65692 0.006031 0.018843
3 0.248264 0.732781 0.003838 0.024366
3 0.774671 0.657732 0.006579 0.019818
3 0.777778 0.635315 0.00731 0.019168
3 0.813779 0.616472 0.005848 0.017219
3 0.834521 0.698343 0.007493 0.025016
3 0.823099 0.730832 0.00731 0.022417
3 0.796144 0.714912 0.008224 0.025016
3 0.792215 0.738629 0.006579 0.025016
2 0.496528 0.676088 0.02595 0.025991
2 0.239309 0.690871 0.055007 0.038661
2 0.804459 0.668454 0.045687 0.051007
