0 0.905245 0.190378 0.052083 0.104989
0 0.745888 0.555647 0.507127 0.888706
0 0.910088 0.140351 0.024488 0.070175
1 0.496802 0.437089 0.01261 0.152138
1 0.837445 0.527275 0.038925 0.187774
4 0.891265 0.3321 0.040205 0.023849
3 0.499269 0.583607 0.008406 0.012061
3 0.47076 0.583059 0.009137 0.010965
3 0.52723 0.55318 0.008041 0.007127
3 0.524762 0.519189 0.007493 0.008224
3 0.461988 0.536184 0.008772 0.01261
3 0.496711 0.547971 0.008041 0.012061
3 0.500365 0.553865 0.007675 0.006305
3 0.797971 0.694901 0.006396 0.019737
3 0.829313 0.701891 0.005482 0.017818
3 0.801535 0.65625 0.004751 0.014803
3 0.83443 0.669408 0.006579 0.01864
2 0.494243 0.528783 0.038194 0.054276
2 0.822917 0.639391 0.040205 0.056195
