0 0.78061 0.045809 0.097039 0.090968
0 0.466557 0.643112 0.141447 0.713775
1 0.527778 0.933236 0.014254 0.133528
1 0.43814 0.636452 0.01663 0.138402
3 0.374726 0.575861 0.010051 0.008772
3 0.386787 0.566927 0.010051 0.008447
3 0.376005 0.594704 0.00932 0.008772
3 0.388615 0.585283 0.009686 0.009422
3 0.374909 0.61436 0.008955 0.007797
3 0.376371 0.621345 0.009686 0.009422
3 0.38898 0.611923 0.010051 0.010071
3 0.387427 0.604451 0.009503 0.009422
3 0.404514 0.752274 0.01261 0.011371
3 0.42023 0.739766 0.01261 0.010396
3 0.401681 0.780377 0.011696 0.011696
3 0.408626 0.770955 0.012792 0.012995
3 0.418129 0.768843 0.01133 0.010071
3 0.424342 0.759584 0.013158 0.011696
3 0.408808 0.798246 0.014254 0.012346
3 0.424159 0.785088 0.013523 0.010721
2 0.445632 0.73668 0.008589 0.054256
