0 0.376188 0.500685 0.267361 0.998629
1 0.509868 0.599232 0.054825 0.412281
1 0.334338 0.478207 0.037463 0.142818
1 0.304368 0.464364 0.034539 0.150768
4 0.290387 0.24068 0.006944 0.024123
3 0.233918 0.506853 0.012427 0.006579
3 0.237208 0.50233 0.013889 0.006305
3 0.290662 0.502193 0.006031 0.002741
3 0.293768 0.498081 0.010051 0.003838
3 0.296875 0.530428 0.012975 0.005482
3 0.239309 0.536184 0.014072 0.007127
3 0.238213 0.548794 0.013706 0.005482
3 0.280793 0.576069 0.019189 0.009046
3 0.282438 0.586349 0.019189 0.011513
3 0.36038 0.57415 0.017909 0.00466
3 0.352522 0.566338 0.016447 0.004386
3 0.283991 0.623904 0.019737 0.010965
3 0.278417 0.615406 0.018823 0.01261
3 0.362847 0.610471 0.017727 0.006579
3 0.352979 0.602933 0.018458 0.005208
3 0.630757 0.861568 0.034174 0.013706
3 0.572917 0.825658 0.020102 0.008224
3 0.571546 0.915022 0.030885 0.013158
3 0.483004 0.923246 0.041301 0.033991
3 0.437683 0.871162 0.037281 0.026864
3 0.434028 0.978481 0.03655 0.035362
3 0.622716 0.989172 0.034174 0.018366
2 0.530245 0.867325 0.065607 0.159539
2 0.319262 0.570861 0.010234 0.064419
2 0.264985 0.502467 0.007675 0.038925
