0 0.505574 0.418129 0.723501 0.835608
1 0.452029 0.349903 0.085709 0.081222
1 0.558845 0.353639 0.088085 0.078947
1 0.164565 0.326998 0.03125 0.132229
1 0.82383 0.339669 0.063962 0.130929
4 0.486842 0.205166 0.023757 0.015919
3 0.49068 0.462638 0.004386 0.021442
3 0.510325 0.465887 0.003838 0.020793
3 0.491137 0.438759 0.003838 0.021767
3 0.512244 0.445906 0.00402 0.018519
3 0.163834 0.47076 0.0053 0.020793
3 0.149306 0.436322 0.004386 0.022742
3 0.191977 0.468324 0.0053 0.021767
3 0.186404 0.44347 0.00402 0.019493
3 0.766447 0.475634 0.005482 0.024691
3 0.787646 0.492203 0.004751 0.022742
3 0.811038 0.455653 0.004751 0.023067
3 0.778966 0.446069 0.003838 0.022742
2 0.502741 0.402534 0.024123 0.033788
2 0.177723 0.404971 0.050256 0.048408
2 0.789931 0.410494 0.050621 0.038661
