1 0.516996 0.714587 0.026681 0.142625
1 0.736751 0.848278 0.068531 0.147498
1 0.850694 0.904971 0.112939 0.054906
4 0.803088 0.679987 0.028326 0.024042
3 0.499909 0.826673 0.007493 0.023067
3 0.513706 0.86566 0.006944 0.020468
3 0.539291 0.862248 0.005848 0.020793
3 0.558205 0.800845 0.006762 0.016894
3 0.551078 0.773392 0.007127 0.01527
3 0.520285 0.767381 0.008041 0.016244
3 0.531067 0.833983 0.006579 0.020793
3 0.533534 0.807018 0.005665 0.018194
2 0.527138 0.802794 0.042215 0.047433
2 0.778783 0.94412 0.028692 0.054581
