0 0.49799 0.500162 0.811404 0.999675
0 0.455409 0.15757 0.054825 0.31449
1 0.438779 0.450455 0.094298 0.086095
1 0.559393 0.451917 0.09576 0.092917
1 0.115314 0.438272 0.034357 0.164392
1 0.855355 0.422352 0.065607 0.161793
4 0.478162 0.259422 0.02723 0.019168
3 0.484832 0.584958 0.005117 0.021767
3 0.507767 0.587882 0.004569 0.021767
3 0.509594 0.559942 0.003472 0.022417
3 0.485837 0.555393 0.004934 0.023067
3 0.108096 0.613548 0.007858 0.025016
3 0.09174 0.568226 0.009137 0.02859
3 0.135234 0.575374 0.008772 0.025991
3 0.140625 0.610461 0.008955 0.02729
3 0.799982 0.58577 0.008955 0.024691
3 0.814327 0.55117 0.009137 0.024366
3 0.849598 0.561079 0.00731 0.02729
3 0.825292 0.608187 0.00731 0.025341
2 0.498081 0.514133 0.033443 0.055556
2 0.127284 0.538012 0.055373 0.059129
2 0.822734 0.517381 0.054459 0.052956
