0 0.497076 0.687297 0.538743 0.625406
1 0.258041 0.633528 0.046418 0.117609
1 0.455866 0.637752 0.066338 0.08577
1 0.540296 0.634178 0.068165 0.088369
1 0.761056 0.620695 0.013341 0.119883
4 0.484832 0.484081 0.020468 0.010396
3 0.258772 0.740416 0.005482 0.019493
3 0.2892 0.727096 0.004934 0.020143
3 0.300713 0.75065 0.0053 0.021118
3 0.278326 0.766082 0.004751 0.018194
3 0.311129 0.687784 0.005665 0.013645
3 0.300621 0.668291 0.005117 0.016894
3 0.270468 0.677875 0.005117 0.01462
3 0.2892 0.704841 0.004203 0.01462
3 0.511696 0.740416 0.004386 0.016894
3 0.49269 0.744964 0.003655 0.018194
3 0.75667 0.749513 0.007127 0.018843
3 0.78326 0.743665 0.008041 0.020143
3 0.789382 0.707277 0.007127 0.022742
3 0.756579 0.724496 0.006213 0.015595
3 0.740863 0.689246 0.006213 0.017219
3 0.770376 0.648311 0.005665 0.01332
2 0.283626 0.701917 0.047515 0.041261
2 0.499817 0.691845 0.023392 0.030214
2 0.764163 0.691196 0.035636 0.054906
