1 0.520651 0.595517 0.013889 0.202079
1 0.38167 0.44948 0.007858 0.110136
1 0.420504 0.498376 0.020468 0.112411
1 0.44152 0.518519 0.02193 0.092917
3 0.47076 0.741228 0.015351 0.017219
3 0.487939 0.726608 0.015351 0.017869
3 0.463633 0.791261 0.014985 0.017219
3 0.480903 0.774366 0.014437 0.016569
3 0.487847 0.762671 0.015899 0.01397
3 0.505482 0.746426 0.014985 0.015919
3 0.478527 0.825699 0.01663 0.017219
3 0.496254 0.810429 0.015534 0.017869
2 0.522844 0.719461 0.026316 0.069851
2 0.431652 0.577973 0.010599 0.047433
