0 0.561038 0.488304 0.388889 0.975958
1 0.726608 0.483918 0.046784 0.168616
1 0.480263 0.33447 0.040936 0.10039
1 0.533991 0.372969 0.050073 0.048733
1 0.374635 0.242365 0.009503 0.102014
4 0.483004 0.181774 0.01133 0.019168
3 0.672423 0.58642 0.012244 0.016894
3 0.661641 0.618746 0.011513 0.017869
3 0.683205 0.665042 0.01261 0.020793
3 0.702942 0.628493 0.010782 0.017219
3 0.483004 0.417316 0.009868 0.012671
3 0.482273 0.442333 0.009503 0.01397
3 0.492416 0.430474 0.010051 0.013645
3 0.490588 0.453216 0.00932 0.012346
3 0.353801 0.306368 0.007675 0.009097
3 0.366228 0.32245 0.009137 0.010071
3 0.356451 0.340806 0.008224 0.010396
3 0.365771 0.346004 0.008224 0.009747
2 0.704678 0.580897 0.041667 0.076673
2 0.505574 0.407895 0.012975 0.04321
2 0.375365 0.30718 0.016082 0.045159
