0 0.43019 0.606075 0.340643 0.787849
1 0.287007 0.727583 0.041484 0.177063
1 0.510599 0.551007 0.035819 0.103964
1 0.465004 0.591131 0.044773 0.053606
1 0.598319 0.456303 0.008772 0.097791
4 0.483004 0.391001 0.009503 0.01462
3 0.26727 0.853476 0.012244 0.006498
3 0.280428 0.888077 0.011513 0.007472
3 0.467379 0.654321 0.009686 0.004548
3 0.466648 0.630767 0.00932 0.005523
3 0.477522 0.6436 0.009503 0.005848
3 0.478162 0.619233 0.008955 0.005198
3 0.581414 0.547921 0.007858 0.004873
3 0.581414 0.524691 0.007858 0.005848
3 0.589273 0.508772 0.006762 0.005198
3 0.587719 0.541423 0.008041 0.004873
2 0.303637 0.832521 0.043311 0.086095
2 0.490406 0.62833 0.011879 0.051982
2 0.600329 0.518356 0.010234 0.047758
