0 0.499635 0.692495 0.582602 0.61501
1 0.502284 0.602827 0.00932 0.082846
1 0.767727 0.58707 0.04057 0.092917
1 0.233644 0.611436 0.037098 0.092268
4 0.521656 0.522742 0.022844 0.009747
3 0.732365 0.698506 0.0053 0.024042
3 0.721765 0.619233 0.0053 0.017544
3 0.740132 0.679175 0.005482 0.023067
3 0.756305 0.700617 0.006031 0.023717
3 0.772113 0.676088 0.005117 0.024042
3 0.745066 0.623619 0.006579 0.020468
3 0.728893 0.602014 0.004934 0.018194
3 0.2447 0.723684 0.005117 0.021118
3 0.228253 0.704029 0.005117 0.022742
3 0.262153 0.700292 0.004934 0.023067
3 0.269554 0.717511 0.003655 0.026966
3 0.277412 0.637914 0.004751 0.017869
3 0.269737 0.622807 0.005848 0.021442
3 0.253107 0.645549 0.005117 0.017544
2 0.752376 0.638726 0.04057 0.031839
2 0.251553 0.660656 0.045504 0.027615
