0 0.157529 0.406524 0.019737 0.050439
0 0.16822 0.390762 0.015899 0.07045
0 0.295596 0.393366 0.038925 0.146382
0 0.830592 0.448328 0.017909 0.124178
0 0.45148 0.406935 0.010417 0.072643
0 0.430373 0.541393 0.333699 0.917215
1 0.275768 0.512884 0.026681 0.222588
1 0.493604 0.454359 0.010965 0.139529
1 0.59375 0.427769 0.008041 0.1017
4 0.510691 0.303317 0.009686 0.012884
3 0.29989 0.741091 0.017909 0.012884
3 0.236111 0.72108 0.015716 0.007401
3 0.224872 0.657621 0.015534 0.004934
3 0.335709 0.70011 0.017544 0.010417
3 0.332328 0.650768 0.017361 0.013158
3 0.287646 0.675164 0.018275 0.013158
3 0.518092 0.578262 0.012792 0.008498
3 0.467197 0.570175 0.012975 0.003838
3 0.474963 0.564008 0.011696 0.004112
3 0.464912 0.54386 0.01133 0.004386
3 0.51462 0.550027 0.013523 0.005208
3 0.524123 0.544956 0.013158 0.006579
3 0.607822 0.523712 0.009868 0.005757
3 0.523483 0.571135 0.012975 0.005757
3 0.617507 0.527412 0.009868 0.005482
3 0.607091 0.497259 0.010234 0.004386
3 0.618147 0.492325 0.010051 0.004386
3 0.568074 0.519463 0.00932 0.003289
3 0.577668 0.523575 0.009503 0.004386
3 0.568531 0.494518 0.009137 0.003838
2 0.277961 0.653098 0.054825 0.07977
2 0.494609 0.543037 0.011879 0.041118
2 0.593567 0.495477 0.014254 0.038651
