0 0.576389 0.539799 0.219298 0.920403
1 0.471491 0.569201 0.012792 0.178038
1 0.58379 0.426413 0.028692 0.078298
1 0.616502 0.390188 0.033077 0.126706
1 0.676901 0.298895 0.015351 0.112411
4 0.589912 0.246914 0.009137 0.018194
3 0.443348 0.639051 0.013523 0.010396
3 0.456871 0.645062 0.01462 0.012021
3 0.41758 0.67284 0.013889 0.011046
3 0.431469 0.680312 0.015351 0.011696
3 0.422606 0.712801 0.014437 0.009097
3 0.435855 0.72011 0.013889 0.011371
3 0.443713 0.672515 0.013523 0.010396
3 0.508041 0.681287 0.014254 0.016894
3 0.508315 0.715724 0.015534 0.017544
3 0.484466 0.72011 0.01462 0.016569
3 0.490132 0.762508 0.017178 0.018843
3 0.615497 0.52193 0.011696 0.012021
3 0.62098 0.508447 0.012427 0.011696
3 0.615223 0.495289 0.011879 0.011371
3 0.622716 0.483106 0.012244 0.011696
3 0.578673 0.487817 0.010782 0.007472
3 0.582054 0.4641 0.012061 0.009422
3 0.559942 0.47011 0.010965 0.009097
3 0.569353 0.461176 0.011513 0.008772
3 0.691612 0.366797 0.009686 0.008447
3 0.685764 0.380929 0.010051 0.008772
3 0.684759 0.409519 0.009503 0.010071
3 0.68951 0.405296 0.009503 0.009422
3 0.646656 0.352827 0.008955 0.004548
3 0.639894 0.366147 0.00932 0.006498
2 0.470395 0.676738 0.029971 0.074724
2 0.597131 0.47937 0.014072 0.058155
2 0.671327 0.369071 0.011513 0.044834
