0 0.285088 0.688921 0.56981 0.620858
0 0.884594 0.411144 0.230811 0.6436
1 0.562043 0.552794 0.016996 0.105588
1 0.309028 0.811728 0.032895 0.096491
4 0.308114 0.718324 0.027412 0.035088
3 0.559211 0.682261 0.008406 0.021442
3 0.561221 0.65757 0.009137 0.019493
3 0.579039 0.66358 0.008224 0.020468
3 0.58644 0.62768 0.008772 0.019493
3 0.556378 0.564652 0.008224 0.016244
3 0.548794 0.600552 0.008406 0.01462
3 0.531159 0.594379 0.008955 0.016569
3 0.529331 0.617446 0.00932 0.015919
2 0.558754 0.614035 0.031981 0.064327
2 0.322734 0.856075 0.026316 0.037037
