0 0.500457 0.6795 0.60106 0.641001
1 0.777138 0.582521 0.037829 0.100065
1 0.547149 0.588856 0.075292 0.074399
1 0.455866 0.589019 0.073648 0.077323
1 0.223501 0.578785 0.03326 0.10039
4 0.518366 0.504711 0.023575 0.011371
3 0.72542 0.603151 0.0053 0.01462
3 0.732822 0.586095 0.004751 0.014295
3 0.737664 0.604613 0.004934 0.014945
3 0.750183 0.611274 0.005117 0.015919
3 0.765534 0.588044 0.005482 0.015595
3 0.771747 0.609162 0.005117 0.013645
3 0.730172 0.62167 0.0053 0.016569
3 0.491411 0.585445 0.002924 0.014945
3 0.510874 0.58447 0.003838 0.015595
3 0.510874 0.602664 0.003838 0.015595
3 0.491411 0.602827 0.002924 0.01462
3 0.266539 0.617609 0.0053 0.014295
3 0.270833 0.601527 0.005482 0.01397
3 0.263249 0.590156 0.004934 0.015919
3 0.244792 0.608674 0.005665 0.01527
3 0.225146 0.604126 0.006213 0.018519
3 0.23008 0.587557 0.006213 0.01397
3 0.259686 0.605426 0.005482 0.016569
2 0.75996 0.638077 0.049525 0.031839
2 0.501096 0.63499 0.023392 0.032164
2 0.236842 0.633366 0.047149 0.026316
