0 0.320358 0.414062 0.039108 0.145559
0 0.180921 0.421327 0.020102 0.050987
0 0.190424 0.402686 0.015351 0.070724
0 0.473319 0.426398 0.010234 0.075384
0 0.862116 0.477933 0.018823 0.126919
0 0.559211 0.705044 0.264254 0.589912
1 0.434667 0.919682 0.018092 0.160636
1 0.611751 0.724232 0.012244 0.148575
1 0.688779 0.622259 0.009503 0.10636
3 0.587993 0.80085 0.01261 0.005208
3 0.578582 0.813596 0.013889 0.004934
3 0.5858 0.827303 0.01261 0.005482
3 0.580592 0.841146 0.013158 0.006305
3 0.639711 0.862939 0.014437 0.010965
3 0.64163 0.846902 0.01462 0.009594
3 0.635874 0.832922 0.014803 0.009594
3 0.642727 0.819764 0.01462 0.010143
3 0.705135 0.727385 0.011148 0.007401
3 0.712993 0.724918 0.010782 0.006853
3 0.703947 0.698739 0.011696 0.006579
3 0.713359 0.687363 0.011879 0.006305
3 0.661001 0.689282 0.009503 0.003015
3 0.659174 0.715186 0.009137 0.003838
2 0.610471 0.819764 0.008589 0.042489
2 0.687135 0.690515 0.012427 0.044408
