0 0.865132 0.41553 0.267544 0.830409
0 0.250274 0.637914 0.500183 0.724172
1 0.483096 0.532489 0.026499 0.141001
1 0.282438 0.646686 0.062317 0.132229
1 0.181835 0.694282 0.103801 0.060429
4 0.227339 0.523717 0.027778 0.025341
3 0.464912 0.674301 0.007675 0.017219
3 0.487299 0.677388 0.006762 0.018843
3 0.498812 0.635965 0.007127 0.019818
3 0.469664 0.641813 0.006944 0.016569
3 0.446729 0.616797 0.006762 0.016569
3 0.451663 0.586095 0.007493 0.011696
3 0.239766 0.801982 0.00731 0.025016
3 0.261239 0.787199 0.007127 0.022092
2 0.476151 0.618259 0.040753 0.050032
2 0.243695 0.735543 0.034174 0.042235
