0 0.074105 0.789311 0.147844 0.340806
0 0.745066 0.634016 0.509868 0.731969
1 0.507858 0.576511 0.030702 0.155621
1 0.741502 0.692008 0.073648 0.154646
1 0.86303 0.741066 0.123355 0.083171
4 0.813231 0.49935 0.031433 0.025341
3 0.491319 0.694282 0.008955 0.022742
3 0.506396 0.739929 0.00731 0.019168
3 0.532895 0.731969 0.006213 0.018843
3 0.52458 0.699155 0.006396 0.020793
3 0.552449 0.674464 0.00731 0.012995
3 0.545139 0.64295 0.005848 0.012995
3 0.511696 0.641813 0.007675 0.01527
3 0.526133 0.684211 0.005848 0.011696
3 0.770285 0.855588 0.005117 0.023067
3 0.797058 0.864685 0.004934 0.022417
2 0.520285 0.671865 0.048246 0.049383
2 0.786915 0.792723 0.031067 0.054581
