0 0.342562 0.41293 0.102522 0.825211
0 0.462537 0.561891 0.107822 0.876218
1 0.520651 0.594704 0.020833 0.251137
1 0.440607 0.48473 0.01462 0.123457
3 0.573465 0.842268 0.020833 0.010071
3 0.554368 0.808317 0.019189 0.011696
3 0.577851 0.758772 0.021564 0.01397
3 0.474963 0.751137 0.02193 0.007147
3 0.493787 0.763158 0.022295 0.016894
3 0.474141 0.815952 0.021747 0.017869
3 0.491137 0.853801 0.023575 0.018843
3 0.399214 0.506498 0.01261 0.008447
3 0.402504 0.534925 0.010417 0.006173
3 0.399945 0.545159 0.010051 0.004548
3 0.421418 0.600227 0.012061 0.008772
3 0.425713 0.6064 0.012975 0.007472
3 0.423977 0.574724 0.014254 0.009747
3 0.422515 0.568876 0.013158 0.006498
3 0.474598 0.576348 0.012061 0.005848
2 0.525493 0.760721 0.027961 0.073749
