0 0.504934 0.427357 0.03655 0.083333
0 0.933754 0.433114 0.025402 0.055921
0 0.948739 0.414337 0.019554 0.077577
0 0.494883 0.67352 0.736111 0.652961
1 0.137792 0.701617 0.02193 0.17352
1 0.492599 0.703536 0.012975 0.17352
1 0.852339 0.707237 0.02193 0.175987
4 0.513341 0.523849 0.027778 0.017544
3 0.09576 0.8321 0.011696 0.017818
3 0.110746 0.887336 0.010965 0.017544
3 0.150037 0.874726 0.009503 0.015351
3 0.184211 0.827714 0.009868 0.010691
3 0.143732 0.833059 0.010782 0.017544
3 0.149945 0.83909 0.010051 0.008772
3 0.178819 0.788651 0.00932 0.010965
3 0.478618 0.874589 0.004386 0.018914
3 0.505665 0.87034 0.00402 0.017544
3 0.806469 0.832511 0.008041 0.010965
3 0.810216 0.792352 0.00932 0.009046
3 0.840186 0.883772 0.010417 0.019737
3 0.895011 0.840186 0.012244 0.016447
3 0.843567 0.847862 0.010965 0.012061
3 0.84375 0.837308 0.01133 0.015625
3 0.88167 0.901179 0.011148 0.019463
2 0.140534 0.811404 0.054094 0.054825
2 0.492964 0.811815 0.030519 0.047423
2 0.849963 0.817023 0.057749 0.05455
