0 0.248904 0.632878 0.497442 0.734243
0 0.904605 0.65757 0.190789 0.68486
1 0.266265 0.581546 0.024123 0.131904
1 0.492873 0.507147 0.008041 0.121507
4 0.269371 0.44883 0.023757 0.019818
3 0.473319 0.592268 0.006213 0.012346
3 0.488487 0.631254 0.005848 0.013645
3 0.508863 0.630117 0.004934 0.01397
3 0.51462 0.59178 0.005482 0.01527
3 0.498904 0.555068 0.005117 0.007472
3 0.474415 0.564977 0.005482 0.009097
3 0.489035 0.602989 0.005848 0.014945
3 0.492873 0.59243 0.005482 0.010721
2 0.273757 0.657407 0.028874 0.037362
2 0.493604 0.579435 0.029971 0.048408
